image: Mapa_aula_mod_1.0.pgm
resolution: 0.025000
origin: [-1.878007, -7.411847, 0.000000]
negate: 0
occupied_thresh: 0.65
free_thresh: 0.196

